ISEtfInf: J = int(e^2,t,[0,inf])

J =

    0.0471


Q =

   37.0496         0
         0    0.0001


P =

   3.5154e-05


K =

   1.0e+03 *

    1.0256
    0.0453


omegan =

   32.0407


zeta =

    0.7070


tr =

    0.1030


Mp =

    0.0433