ISEtf10: J = int(e^2,t,[0,10])

J =

    0.0405


Q =

   29.5069         0
         0    0.0001


P =

   7.3176e-05


K =

  634.0051
   35.6222


omegan =

   25.1993


zeta =

    0.7068


tr =

    0.1305


Mp =

    0.0434