ISEU: J = int(x^2+u^2,t,[0,10])

J =

    1.3688


Q =

   18.0236         0
         0    0.0015


P =

   18.0686


K =

    0.4133
    0.9093


omegan =

    1.1888


zeta =

    0.3824


tr =

    1.0105


Mp =

    0.4001