ISEU_tfInf: J = int(x^2+u^2,t,0,Inf)

J =

    1.3689


Q =

   18.9322         0
         0    0.0005


P =

   18.9332


K =

    0.4142
    0.9102


omegan =

    1.1892


zeta =

    0.3827


tr =

    1.0106


Mp =

    0.3997