ITSE_tf10: J = int(t*e^2,t,0,10)

J =

    0.0012


Q =

   34.0198         0
         0    0.0001


P =

   1.0414e-04


K =

  570.5663
   33.7879


omegan =

   23.9075


zeta =

    0.7066


tr =

    0.1374


Mp =

    0.0434