ITSE_tfInf: J = int(t*e^2,t,0,inf)

J =

    8.3200e-04


Q =

   31.7299         0
         0    0.0001


P =

   4.2596e-05


K =

  862.0835
   41.5455


omegan =

   29.3783


zeta =

    0.7071


tr =

    0.1122


Mp =

    0.0433