Quadratic PI tfInf: J = int(x^T*Q*x+u^T*P*u,t,0,inf)

J =

   1.7540e-04


Q =

   1.0e-04 *

    0.9922         0
         0    0.1000


P =

   1.0000e-05


K =

    2.3048
    2.3685


omegan =

    1.8179


zeta =

    0.6514


tr =

    1.2351


Mp =

    0.0846