Quadratic PI: J = int(x^T*Q*x+u^T*P*u,t,0,10)

J =

   9.0022e-05


Q =

   1.0e-04 *

    0.4870         0
         0    0.1300


P =

   5.6910e-05


K =

    0.3623
    0.9762


omegan =

    1.1672


zeta =

    0.4182


tr =

    1.0573


Mp =

    0.3563