tr2: J = abs(tr-2)

J =

   1.3768e-05


Q =

    6.0989         0
         0   14.7254


P =

    5.5300


K =

    0.4501
    1.8876


omegan =

    1.2042


zeta =

    0.7838


tr =

    2.0000


Mp =

    0.0405