tr2_Mp0: J = abs(tr-2) + abs(Mp)

J =

    0.0370


Q =

   10.3195         0
         0   19.2388


P =

    7.0311


K =

    0.5709
    1.9693


omegan =

    1.2534


zeta =

    0.7856


tr =

    2.0000


Mp =

    0.0370