tr2_100Mp0: J = abs(tr-2) + 100*abs(Mp)

J =

    0.2219


Q =

   38.4709         0
         0    7.8944


P =

    0.7424


K =

    6.2678
    4.8135


omegan =

    2.6959


zeta =

    0.8927


tr =

    2.0000


Mp =

    0.0022